       1      1      1      1      1     1.000000000000000         0
       2      2      2      2      1     6.000000000000000         0
       3      3      3      3      1     6.000000000000000         0
       4      4     12     12      2     0.000000000000000       109
              5                          0.000000000000000       101
              6                          0.000000000000000       109
              7                          0.000000000000000       119
              8                          0.000000000000000       114
              9                          0.000000000000000       116
             10                          0.000000000000000        32
             11                          0.000000000000000       111
             12                          0.000000000000000       107
       5     13     13  50012      1     0.000000000000000         0
          49999  TIMES                   **********************   **
       6  50013  50013 100012      1     1.000000000000000         0
          49999  TIMES                   **********************   **
       7 100013 100013 100013      1     6.000000000000000         0
memwrt ok